00343 00344 00345 00346 00347 00348 00349 00350 00351 00352 00353 00354 00355 00356 00357 00358 00359 00360 00361 
00342 00273 00274 00275 00276 00277 00278 00279 00280 00281 00282 00283 00284 00285 00286 00287 00288 00289 00290 
00341 00272 00211 00212 00213 00214 00215 00216 00217 00218 00219 00220 00221 00222 00223 00224 00225 00226 00291 
00340 00271 00210 00157 00158 00159 00160 00161 00162 00163 00164 00165 00166 00167 00168 00169 00170 00227 00292 
00339 00270 00209 00156 00111 00112 00113 00114 00115 00116 00117 00118 00119 00120 00121 00122 00171 00228 00293 
00338 00269 00208 00155 00110 00073 00074 00075 00076 00077 00078 00079 00080 00081 00082 00123 00172 00229 00294 
00337 00268 00207 00154 00109 00072 00043 00044 00045 00046 00047 00048 00049 00050 00083 00124 00173 00230 00295 
00336 00267 00206 00153 00108 00071 00042 00021 00022 00023 00024 00025 00026 00051 00084 00125 00174 00231 00296 
00335 00266 00205 00152 00107 00070 00041 00020 00007 00008 00009 00010 00027 00052 00085 00126 00175 00232 00297 
00334 00265 00204 00151 00106 00069 00040 00019 00006 00001 00002 00011 00028 00053 00086 00127 00176 00233 00298 
00333 00264 00203 00150 00105 00068 00039 00018 00005 00004 00003 00012 00029 00054 00087 00128 00177 00234 00299 
00332 00263 00202 00149 00104 00067 00038 00017 00016 00015 00014 00013 00030 00055 00088 00129 00178 00235 00300 
00331 00262 00201 00148 00103 00066 00037 00036 00035 00034 00033 00032 00031 00056 00089 00130 00179 00236 00301 
00330 00261 00200 00147 00102 00065 00064 00063 00062 00061 00060 00059 00058 00057 00090 00131 00180 00237 00302 
00329 00260 00199 00146 00101 00100 00099 00098 00097 00096 00095 00094 00093 00092 00091 00132 00181 00238 00303 
00328 00259 00198 00145 00144 00143 00142 00141 00140 00139 00138 00137 00136 00135 00134 00133 00182 00239 00304 
00327 00258 00197 00196 00195 00194 00193 00192 00191 00190 00189 00188 00187 00186 00185 00184 00183 00240 00305 
00326 00257 00256 00255 00254 00253 00252 00251 00250 00249 00248 00247 00246 00245 00244 00243 00242 00241 00306 
00325 00324 00323 00322 00321 00320 00319 00318 00317 00316 00315 00314 00313 00312 00311 00310 00309 00308 00307 
