00111 00112 00113 00114 00115 00116 00117 00118 00119 00120 00121 
00110 00073 00074 00075 00076 00077 00078 00079 00080 00081 00082 
00109 00072 00043 00044 00045 00046 00047 00048 00049 00050 00083 
00108 00071 00042 00021 00022 00023 00024 00025 00026 00051 00084 
00107 00070 00041 00020 00007 00008 00009 00010 00027 00052 00085 
00106 00069 00040 00019 00006 00001 00002 00011 00028 00053 00086 
00105 00068 00039 00018 00005 00004 00003 00012 00029 00054 00087 
00104 00067 00038 00017 00016 00015 00014 00013 00030 00055 00088 
00103 00066 00037 00036 00035 00034 00033 00032 00031 00056 00089 
00102 00065 00064 00063 00062 00061 00060 00059 00058 00057 00090 
00101 00100 00099 00098 00097 00096 00095 00094 00093 00092 00091 
